420
on -44 9 -9 44 -34 13
on -42 11 -16 33 -2 48
on 3 48 -24 20 -31 14
on -12 36 -4 44 -33 20
on -33 21 -45 0 -29 22
on -49 -4 -43 6 -12 34
on -8 42 -38 16 1 48
on -12 33 -28 19 -38 7
on -45 7 -31 20 -37 13
on -23 27 -22 28 -37 7
off 4 15 8 27 -45 -29
on -21 28 -10 39 -12 32
off -33 -24 34 48 -10 6
on -42 9 -40 12 -7 47
off 0 15 -45 -32 27 39
on -4 43 -13 37 -13 32
off 39 49 -20 -3 -9 9
on -30 15 -9 44 -21 26
off 32 46 -32 -22 -28 -12
on -43 2 -48 0 -29 16
on 26035 46528 26934 54692 33157 55488
on 5661 25941 -95189 -69745 8548 23498
on -8450 6203 18668 45644 63702 77651
on -35172 -9167 -85690 -68067 -49442 -32240
on -7256 14360 -88754 -66018 13335 36551
on 57266 91492 19708 40247 -30381 -16645
on -71227 -39437 4905 19286 36138 56516
on -8292 23452 -68726 -55016 -51025 -37856
on -56479 -33164 -72841 -48331 18265 34312
on -55242 -30366 53013 70658 -35294 -22609
on 28128 65421 -69671 -46319 2247 22162
on -18271 -11112 62568 79603 743 31797
on -73121 -61145 24738 50706 -17824 -3357
on 55649 81469 -23346 9395 40222 62752
on -5988 -2724 49947 73112 53194 54566
on 4697 18819 770 39094 62674 85557
on -34146 -18302 -43745 -29715 -67382 -58325
on 60443 82353 25826 49638 -28272 4679
on -63533 -50938 11276 31167 -55065 -35394
on -635 13323 -46886 -25049 -85064 -54282
on 18731 41884 69046 78316 -356 21988
on -15137 -7386 4706 25481 69948 85718
on 53023 76732 7536 19209 23364 35008
on -31244 -12429 -45481 -27688 47421 85451
on -49775 -23436 -17318 -5848 65076 83819
on -1184 6905 41543 58587 55918 72834
on 11900 41969 24140 43233 46233 80195
on 42971 58869 28565 55482 -50260 -31908
on 29566 62709 45570 75799 3836 31496
on -60383 -40081 -21041 -270 -66407 -47651
on -17686 -277 -92434 -61004 10106 37722
on 20072 42833 31669 66162 55199 59525
on -85891 -61196 2301 23802 24685 46716
on -26472 -8151 -12117 14837 71474 82077
on -22621 -5431 55729 63842 33896 58344
on 11311 26266 -14897 155 -92848 -57228
on 47323 67109 47225 55908 -36762 -6848
on -37057 788 -74662 -64755 -37676 -28972
on -80161 -62649 3508 18478 -12462 7078
on 56450 81000 20031 27194 19121 45957
on -38047 -31527 -65976 -55835 34742 56171
on -63724 -39256 48659 84267 -8728 -2938
on -57219 -27279 -12910 4740 -82655 -55741
on -71979 -40582 -46141 -26604 -61021 -28416
on -53574 -33613 -35866 -3992 38474 67221
on -7231 14595 -32659 -16368 -77772 -68372
on -76988 -43307 -73004 -44246 -23904 -3870
on 25135 50402 -4639 22524 65018 79389
on 21859 29412 -78185 -52361 -37812 -16296
on 49068 72209 -34966 -12232 32877 42664
on 24037 40023 -43049 -31381 -69692 -53892
on -13464 6479 -85348 -67708 -52925 -28597
on -44123 -24490 -31337 -18507 58664 74015
on 61207 84695 6873 26758 -32217 4368
on 4552 13847 13200 31838 -87662 -64220
on -41471 -22197 17022 25171 -80762 -70310
on 14701 23328 -54676 -22756 -78466 -63101
on 34096 48154 -91322 -70446 -320 25331
on 10945 36559 -73239 -67243 -31230 -13718
on 79658 94442 -19556 13462 -2290 16495
on -62866 -49828 17690 33121 33395 66932
on 3213 21160 -60622 -38033 -69941 -36547
on -57187 -49669 42110 65058 -5260 9310
on 65177 80028 -16774 5548 -29428 -12619
on 21361 31160 -69950 -42143 -66100 -45357
on 47097 55337 -72040 -50746 16659 39109
on -18215 -3506 46479 64227 43837 58606
on -23438 2402 -84653 -75368 -28233 6243
on 16090 48132 -48829 -36541 58941 70871
on 33210 40127 8598 17456 -79261 -64506
on 6515 35708 -41101 -23624 63948 71292
on 66036 71125 31516 41329 7814 33648
on -18143 16672 13065 33759 -78805 -71969
on 47805 54169 15163 24376 -78338 -43458
on -80419 -64528 21392 46104 29362 49456
on -67337 -62661 23055 54884 -31254 -22767
on 3182 29404 1860 32560 -79614 -75464
on 47865 59856 -55320 -39528 30264 52991
on -87160 -67353 -19605 9470 -21960 -8111
on 22152 30574 -23458 -8029 71540 74826
on -78785 -72563 20117 27508 -4403 5635
on -49630 -22763 -66298 -57264 -48978 -34847
on -21739 -644 43311 57596 -74657 -54691
on 68874 88244 -794 1573 -52583 -19662
on 12502 24125 30180 40221 47786 68790
on 53153 71310 42189 56342 -38487 -6396
on 63439 89138 18322 38727 -36894 -13607
on 63291 82909 21660 39096 2008 22261
on -55500 -46943 39422 65153 23084 43974
on -79852 -75168 -31704 -11625 1085 28096
on 2073 15473 -22634 -174 -84809 -76290
on -35315 -13899 -45364 -25388 -80311 -56144
on -72164 -41719 -61657 -34338 27758 39711
on -33345 -6561 47764 66015 -62104 -37013
on -72474 -50560 -64699 -41233 -21630 9077
on -95064 -64647 -12726 12276 -39407 -22467
on -83968 -59823 21853 38792 2880 23136
on 23767 42139 -65772 -43776 -56320 -29118
on -53066 -24348 -7651 15896 -80897 -69608
on -85712 -65117 -2402 33340 21087 40128
on -10005 11181 -49499 -34240 50771 66499
on 58348 77389 49257 56017 7479 23906
on -60503 -51791 -70754 -46418 -3271 32609
on 21617 41936 52158 58647 47735 61973
on 17237 34420 -44898 -8641 61619 87085
on 14101 23838 -89875 -59961 -42502 -8019
on 62362 90784 -5489 23383 1566 20977
on 29153 40241 -182 14702 -85008 -61851
on 61045 78190 19142 26900 -8106 14277
on -18604 -9727 -41466 -28754 -78968 -70370
on 39534 58058 5640 22731 40113 72329
on 65957 82984 -31458 -24666 -24974 -8152
on 19294 47052 27284 43092 62240 69341
on 38488 49439 -50065 -29824 -66293 -40900
on 52768 73494 -11884 24318 34573 67839
on -90683 -63743 -40537 -31219 -7344 21117
on -74651 -58091 -48746 -31566 7946 32353
on -56209 -29859 23426 27936 45701 82494
on -21624 11736 -68947 -60988 -50225 -24684
on -56363 -48735 -53080 -17252 -47993 -42191
on -69627 -52520 -25012 9920 -51588 -36861
on -5234 18162 57470 83094 37382 50334
on -71228 -38403 -31640 -2709 54990 71569
on -46098 -37630 -76670 -55395 -32110 -11300
on 51437 73342 22575 43674 -10821 7264
on 76006 87396 -6661 9051 13210 37936
on 32494 64058 15206 44643 -68100 -45078
on 53462 72403 18645 45318 -50898 -29964
on -29359 -8009 19103 42440 -76627 -62551
on 33534 59399 59365 80304 3272 20196
on -52692 -39324 -26564 -1552 -81784 -62112
on -14635 2298 20412 36564 -73353 -55959
on -73034 -43599 -50309 -31614 -34608 -19798
on -55202 -19258 -61496 -35438 -56021 -47383
on 55612 80237 -56226 -31193 -2444 29589
on 15823 44516 12975 35534 54270 88140
on 59541 76193 -9378 2161 -55792 -43002
on 44217 56834 34261 52517 46683 50918
on -24030 -20434 56969 93316 4995 19150
on 48522 69866 -59818 -54772 12237 26863
on -87001 -78224 -3755 13754 -11753 10790
on -62362 -43731 -43780 -32134 44973 58006
on -41076 -36642 -53422 -30830 -61650 -52372
on 40940 47005 -3468 12142 65491 75950
on -71161 -38017 27267 40389 -49162 -32163
on 2617 24093 -90849 -58412 -30214 -11775
on -6722 13205 43649 61859 -74558 -58383
on -4645 28884 -31956 5755 -95622 -70059
on -22220 -10336 47560 77685 47053 64370
on 8129 34619 -52331 -47269 43581 79452
on -42250 -22360 -91493 -52547 -2992 15887
on -417 21470 -42150 -27717 58356 81169
on 34770 54859 -42701 -6336 50438 68196
on -54969 -42292 9272 26157 42256 62891
on 27531 53609 -32588 -4946 -64114 -43493
on -74596 -40351 26212 52575 14452 42239
on 14319 27638 69976 91104 -38579 -14372
on 1267 30702 -7279 18879 -84191 -60386
on 13815 38465 71450 85875 12012 34285
on -49172 -18710 50003 72161 -52485 -39392
on 40651 60166 7496 13800 -83809 -56572
on -38875 -22498 -46391 -18237 57434 76368
on -75289 -60636 -4433 29146 -47447 -22586
on 60293 88936 11185 48349 -24893 -4158
on -31536 7570 -39628 -16430 -73310 -64078
on 72979 75973 -36410 -13639 10296 26877
on 4303 37655 -80994 -64979 18912 35320
on 56802 76366 24617 29141 44711 49793
on -12924 18446 -60552 -45380 61447 66896
on 43651 55148 -61786 -39394 23506 32381
on 59751 78833 -54684 -39151 -1131 21516
on -29915 2165 65570 80093 -14839 -1459
on 15735 22754 59270 83621 -23251 -3225
on 60281 81368 -61593 -41179 6181 28956
on 35918 64976 -65193 -52524 -35087 -12434
on -16001 15073 -90954 -63826 -29320 -2146
on 65974 74016 20454 46002 29328 45172
on 58657 92086 -2902 17050 9323 32613
on 20237 36328 -16965 15471 68483 76443
on -36020 -9937 -29691 -16825 -91040 -69185
on -16948 -2308 949 25291 59801 97736
on -24391 -3952 52899 76094 -53037 -48057
on 46669 66637 -61411 -42651 -259 5820
on -79916 -67447 -7315 17190 -17860 7576
on -66837 -48791 -47333 -26040 36240 48973
on -73622 -60542 -8392 12850 45128 58152
on -62900 -45658 39249 62059 -16484 -7773
on -50834 -27069 -53092 -32640 31429 68668
on -56494 -36057 38961 60367 -49851 -30666
on 27410 60077 -31198 -7003 -70908 -56648
on 56361 82838 30273 58873 -19117 4455
on 35589 52151 25882 42857 -65372 -39960
on -48661 -27039 -35588 -26369 -68777 -51991
on 36978 60859 -21413 -9290 39220 75322
on -35222 -24009 -84117 -71206 -33161 -2273
on -81753 -55970 -38905 -26871 7779 30954
on -29243 -16825 53755 82612 -44813 -19219
on 46705 75007 -25210 586 -74887 -38859
on -83049 -64570 14055 34641 13599 17413
on -17204 -4018 -60860 -41828 -60750 -55377
on 5678 20195 53866 84571 -29781 -7924
on -8405 4737 -92815 -65824 11312 21358
on 6637 23051 76772 89416 -6075 10887
off -4134 17723 -33743 -13244 57162 90558
on -75506 -68482 5049 32339 4399 33865
off 61784 76978 -1232 26992 -54869 -31090
on 41323 51174 -49909 -20673 51229 68610
on -6409 11916 -70309 -53743 34490 51657
on -26568 -16155 -77800 -62731 3393 29007
on -21275 6506 -11623 3626 -86513 -63164
on 57972 83001 5541 43326 -43877 -23467
off -73140 -63252 -49597 -40536 -30721 -15776
off -19978 9682 54912 77747 24261 40104
on 15549 23441 39045 66475 -64285 -37199
off -48093 -16019 -81314 -55065 -2772 32433
on -74451 -48544 -54866 -43901 -20652 -315
off -62327 -49533 1014 21642 41549 59399
on 2100 13404 34874 58771 -68087 -44344
off -39042 -13665 -3733 24654 -87747 -55965
off 6596 19312 -84414 -51209 -58157 -43471
on -59516 -53222 47673 71284 5853 35232
on -53679 -33298 46963 63520 18813 42312
on -40062 -16510 -15480 15680 -93914 -74733
on -8524 22439 7069 27435 -79068 -59215
on -57777 -23585 49060 67998 20817 42560
on -80782 -62626 -20105 10568 -4434 5433
off 49691 67196 -52001 -18673 -33196 -21774
off 21182 41612 -42065 -27862 52180 78240
on 48655 59336 55893 63601 5351 18960
off -21128 9454 -87488 -68649 3076 28002
off 55047 80293 22645 38134 -19327 11924
off -72428 -63052 -18942 -3478 29030 46512
off -65139 -29128 -70715 -56966 18476 30704
on 43426 60373 -52962 -37999 30438 44245
off 61840 80693 4504 36369 -31971 -6652
on -47696 -25195 10184 35317 48345 76765
off -86228 -63677 -41582 -20483 4732 28776
on 22149 28010 -79576 -50580 -45014 -29060
on -16057 1180 -59930 -43269 39514 70368
off -38699 -16371 -80976 -57426 32190 57098
off 16496 31396 36574 45183 -78693 -51973
on -82389 -53340 -8439 9606 -42688 -34682
off -3653 6178 -59357 -26727 -75069 -58111
off 60297 81242 35205 37482 27652 37697
off -28322 1460 52840 79364 40319 41923
on -7853 18988 -4518 3876 -94767 -69698
off -10908 6259 77692 92174 6494 32523
off 56206 80720 -57054 -39597 -19401 -1717
on 1189 25941 -62908 -51081 40927 54597
off -57437 -31634 -37943 -27707 39292 65915
off -7510 24426 -64008 -33741 57890 70075
off 28412 50560 -51952 -24441 -61168 -43662
on 56748 74436 5107 19848 35886 51964
on 26054 51147 29982 44682 -64935 -46304
off -33404 -3844 -88498 -61312 3186 16532
on -29168 -1153 59029 75751 18670 49528
off -93500 -68201 -28678 -10740 -7685 7097
off -12772 13957 17482 36797 56710 78460
off 32160 49831 -76159 -50949 -19561 17750
off -13823 8765 49896 75872 43675 69028
off 33883 67627 22336 26100 48567 56506
on -18173 6224 -78627 -64999 -27383 -7088
on 37759 48831 40739 74791 21833 35711
on 39852 57465 55548 62434 30043 43329
on 20477 36976 34359 59359 -66979 -46129
off 36983 55871 -39877 -20892 -55994 -43241
off -62087 -27735 27274 46218 50594 66493
on -58784 -38059 -20016 12386 -68890 -50247
off -57891 -26550 -64691 -57636 -43995 -7173
on 52258 74267 -4012 29882 46843 67034
off 34142 55957 54010 79357 -38479 -6700
on 42342 67166 10428 24651 -61941 -38212
on 18037 25272 -76416 -64277 -18255 -11169
on -58624 -32118 16907 36762 -80649 -46522
on -35340 -11537 -8737 6976 -83423 -60437
on -3233 10393 -41742 -32134 60728 75114
off 6225 25060 -35316 -2221 66110 84705
on 2776 19196 -61582 -40851 57454 67989
off -22289 2967 -92067 -78265 -2523 19015
on -50478 -33539 -53994 -23947 52650 70781
off 4545 26701 59852 88813 -10285 12055
off -68326 -53929 17933 24477 -50061 -25418
on -43401 -37084 20394 35184 -81361 -62030
on -50247 -19184 -87782 -56119 -5144 20528
off -66575 -41008 -32663 -27917 -55402 -35509
on -2919 24066 49368 82787 32141 53777
on -29904 -4164 37709 43473 60134 74233
on 5189 12852 70101 78725 -13717 4482
on 15741 20257 -68803 -45824 -68196 -41439
on -72501 -57365 17154 24345 -44321 -25506
off 44451 69600 -56829 -32967 -14491 6082
on -73143 -48769 53506 62712 16510 36245
on -71120 -63416 20542 53512 3773 24502
off -72631 -47918 46772 71382 -7403 -1334
on 60289 75397 -31169 -2873 -49562 -26620
off 55366 57998 -58287 -43664 16671 52252
on 32791 48989 -72319 -50255 -5340 15686
off -28840 -5941 -55563 -36429 40526 65205
off 51050 77559 -48923 -23879 3552 13011
on 13293 29916 65318 85875 -21532 -4241
on -81202 -57571 -54359 -15128 21008 51862
on -23141 1874 49191 74482 45188 73431
on -43097 -27201 50763 72902 32238 52126
off -63296 -41769 -14503 -5564 54025 81413
off -84203 -62725 26999 41738 -35345 -13262
on -49325 -29100 21347 56651 -78927 -55462
on 63770 80034 -38969 -20779 -7472 15121
off -25562 358 -86606 -68529 14295 42287
off -79762 -64490 -3544 22306 -19249 11802
off -40326 -12517 40294 50070 56418 70188
off 69859 84857 -5351 28142 -25967 -18548
off -26796 -5984 45812 69966 -63053 -29000
on 4387 31644 26956 35674 63067 80650
off -86687 -54166 -9621 20333 28770 53594
off -11919 -2519 10153 25575 -88868 -68995
on -61507 -41797 35937 56549 -16831 11486
on -26285 -6570 68997 74024 -30248 -11385
off 17775 36114 13757 33850 -88893 -54457
on -78552 -51545 13676 36545 -31853 -17047
on -7334 529 -47395 -31755 -73959 -56905
on -37293 -10945 -73369 -54642 17528 43276
off -81239 -70685 15172 37132 -22275 3783
on 32531 51729 -45878 -24271 52871 69692
on 67965 84912 -24411 -329 -49450 -17659
on -13266 -482 -82577 -68452 -44424 -18024
on -50455 -37874 -51548 -36555 -49140 -45377
off -37849 -17481 -7672 8166 -85395 -57727
off -71416 -53342 27383 61161 -36788 -16067
off 71538 78986 30203 34236 12407 29318
on 33748 55263 -38753 -33560 -61382 -45993
off 18710 51447 55490 66616 -35856 -11124
on -71503 -47165 -52473 -25446 37755 52094
on -83309 -61317 22281 57681 6987 24373
on -53913 -34210 -69592 -57279 -30923 -17067
off 51 31704 35546 69755 54995 61859
on 68381 79561 -5668 8729 15494 44904
off 24902 36498 54466 83801 -19496 -7489
on 76059 93776 4823 36244 -7322 24507
off -86617 -65715 -12625 7225 18905 23135
off -69766 -43653 11329 31351 -65838 -50704
off -86570 -58026 15089 23036 -7718 14285
off -8268 11533 57741 74311 -44513 -41407
off 51825 67803 -51009 -27657 -16557 -12500
off -59671 -42790 -41818 -21156 -68639 -53182
off -25891 -1437 -85437 -60043 -16043 -4067
off -58266 -32893 -78352 -56499 -13917 12161
on 17922 34751 -80145 -63628 -38870 -13439
off -14615 -2044 67071 81878 -17515 -11635
on -40758 -36390 -52942 -37734 -70916 -51337
off -74472 -53629 -20363 -14083 41491 57974
on 47115 66177 -4650 21367 -75532 -57882
on -85607 -57510 8859 29596 18151 33078
on 29419 42869 -33941 -13615 45362 63554
on 21534 45223 -62089 -48363 39005 71469
off -69657 -42065 -53940 -43598 9128 32422
on -50554 -24459 21068 37747 60384 75232
off -45707 -29300 39582 73371 -46921 -31377
off 13305 37622 28171 40176 54236 69559
off -56989 -48010 39346 45115 33383 60426
on -68642 -60089 -70330 -32224 2469 18118
on 22300 39168 10598 37207 -89721 -60865
on 73241 90315 -41138 -20560 7098 22751
on 60006 74814 20152 46468 -41532 -36938
off 4846 31201 14707 43059 63980 87284
off -44817 -14990 -45174 -20211 -74193 -56583
off 49961 80548 -38951 -17366 -38437 -11584
off -3353 25863 43053 62069 -58191 -29962
off 59302 64170 -18920 -167 31377 66301
off -88216 -65566 16163 28328 8890 21245
off -12009 12617 -80587 -68939 -13904 2595
on -75487 -57846 -6427 -4767 27780 57186
off -82828 -58745 -28257 -9650 1878 24792
off -51572 -42924 3062 25270 -74984 -52336
on -87606 -49846 -12421 6567 -52135 -20298
on 29121 64061 35027 52736 38385 57230
off 26517 51665 50603 62565 -50937 -18333
off -160 14847 6654 25587 58967 87195
on 56640 62402 -37337 -16872 -45818 -32864
off 28956 43781 65999 79119 -26423 2509
off -51894 -34863 50627 81570 -19277 10396
off -43928 -21737 7116 24683 51653 80157
on -38466 -10283 55281 82142 32309 55857
off -28181 -2361 -11670 15657 -93062 -63467
on 32237 54062 58058 83085 11098 46125
on 72889 79937 -4089 7659 -10250 23391
on 70553 85062 -16843 8562 -24103 6629
on -18008 4297 -77417 -54928 18294 43699
on -89175 -62869 -30649 -18437 -28584 -6740
on -4295 892 26118 46671 -77151 -55754
on -19025 -3340 -93806 -60661 -526 32602
on -17295 -1888 64272 79693 -23968 -10409
off -33188 -7546 73729 76740 -17695 -6152
off -56459 -48432 -61323 -45127 20053 45781
on 35224 48136 -33484 -12700 55968 82523
off 40966 76724 46776 51659 16592 32942
off 65501 76485 15730 32212 10891 40502
off 51912 58352 -13185 -8886 -75670 -37074
off -79179 -73355 -23732 -4334 -40562 -7245
off 53403 72445 28470 65442 -50478 -11684
off 28016 44544 174 21599 -78129 -66632